951
786 329
207 62
566 868
508 858
287 52
24 54
595 372
36 12
53 450
737 522
671 712
101 825
173 589
339 333
311 73
15 95
18 68
120 526
928 226
330 333
635 530
13 64
816 386
599 226
41 154
215 901
528 134
57 691
71 303
440 61
33 377
26 6
355 40
354 271
732 34
128 239
169 604
353 847
641 680
180 504
605 264
683 332
237 429
312 318
787 783
941 102
237 911
531 741
594 508
246 195
386 619
98 844
572 480
108 21
105 21
249 14
798 390
456 3
576 782
127 265
9 360
289 878
164 402
354 384
818 690
1 122
117 616
51 75
271 685
104 393
214 70
183 700
632 629
578 711
299 563
369 162
282 811
617 576
81 96
376 805
483 284
28 47
649 893
212 105
284 516
163 692
245 657
742 140
898 566
71 903
579 484
12 866
252 556
325 642
559 396
54 444
857 261
84 609
24 60
46 74
244 235
100 83
396 392
164 378
87 120
285 585
49 52
342 194
57 357
533 75
626 704
11 324
205 230
439 215
516 832
180 266
155 105
106 3
231 210
561 719
354 419
83 17
480 415
16 113
90 37
71 50
413 426
304 257
431 379
12 3
403 405
736 69
497 854
636 586
169 646
287 659
42 110
342 603
781 774
22 17
45 1
61 180
625 909
76 141
167 252
794 590
540 170
182 169
212 334
633 415
509 873
23 275
2 6
202 170
221 301
398 475
330 835
291 476
943 742
569 717
365 696
136 519
611 399
532 364
180 194
167 394
10 73
173 448
624 609
346 248
52 82
68 92
13 14
295 491
247 503
17 189
124 300
504 662
194 382
587 577
110 221
665 344
36 315
535 644
372 441
93 70
288 245
258 165
86 163
241 270
325 304
130 29
447 96
577 129
349 138
135 190
181 859
192 86
628 373
666 636
80 5
396 813
186 451
30 211
413 156
127 151
285 925
449 28
226 398
31 332
366 942
31 789
128 52
191 886
552 733
796 232
469 302
752 350
90 109
57 52
522 365
397 776
950 354
769 700
557 413
460 225
583 623
259 705
148 487
843 522
226 199
299 869
8 1
73 797
633 760
24 117
656 262
144 83
771 358
8 79
136 513
161 71
707 434
134 296
63 2
891 873
745 666
768 585
59 2
589 670
269 119
343 57
3 251
84 59
917 434
621 253
224 317
388 739
650 182
301 435
184 414
918 406
586 203
654 743
462 76
370 230
64 420
142 147
31 27
561 483
20 7
266 527
133 4
23 467
330 458
747 56
706 226
170 116
775 165
198 182
284 436
436 498
735 133
470 652
548 521
929 77
485 755
111 573
629 701
637 684
395 415
240 53
524 513
172 292
16 371
669 790
688 845
86 783
367 678
536 361
865 599
593 531
56 26
490 725
853 420
940 885
667 422
780 491
562 890
238 85
161 210
383 113
373 232
125 283
464 687
526 727
341 182
263 937
59 98
689 934
860 793
125 718
26 703
46 932
43 67
97 126
417 91
7 184
715 117
310 174
821 271
754 774
871 913
29 264
78 899
18 306
799 599
112 99
526 564
861 128
887 76
347 280
136 53
922 454
828 78
321 361
201 223
27 77
936 29
351 243
31 66
3 102
156 608
28 35
236 356
168 319
70 68
98 530
28 25
389 239
231 255
26 145
245 830
294 359
18 39
471 162
473 5
517 67
407 200
19 247
259 437
523 331
64 81
531 491
47 124
388 335
400 340
481 627
100 115
824 658
263 93
165 337
120 135
198 697
430 698
876 253
169 178
116 38
840 775
384 728
253 115
18 1
673 767
345 256
502 23
127 115
571 434
2 1
5 9
121 338
97 50
235 216
902 29
133 277
127 576
191 153
167 297
288 305
779 78
88 4
316 802
157 256
484 262
583 641
926 22
11 24
746 540
337 497
535 549
342 870
50 614
434 750
212 375
379 239
519 910
335 39
212 322
834 768
290 77
923 227
586 686
40 11
653 449
78 99
643 163
399 424
219 709
186 141
123 104
154 731
693 312
296 352
158 298
158 140
772 428
900 835
793 882
894 309
720 666
275 574
631 190
196 19
276 654
43 15
511 34
199 18
48 409
791 90
148 506
281 254
206 515
11 598
86 34
21 17
267 175
139 2
729 544
885 703
826 709
924 351
119 168
219 57
477 785
933 23
474 405
531 606
398 445
393 569
260 95
916 174
342 649
678 842
307 283
420 477
113 259
121 5
570 152
170 220
554 542
16 41
562 803
849 70
170 416
457 86
196 222
241 714
823 376
11 149
262 366
245 164
298 465
440 765
203 32
292 321
583 430
32 13
637 306
507 770
328 67
461 875
5 7
492 661
391 442
433 817
397 239
140 778
23 229
50 6
115 744
348 945
150 227
62 43
34 250
486 373
951 407
159 14
681 567
314 350
103 102
7 142
11 65
588 393
395 466
106 336
61 13
596 501
185 425
69 806
64 276
40 496
25 282
51 31
454 357
261 47
499 58
36 658
726 644
169 812
593 612
640 200
552 470
829 326
949 940
24 368
424 446
679 320
833 426
906 839
92 254
224 85
261 271
682 597
530 648
84 213
128 129
800 756
607 54
835 872
157 43
162 241
137 121
353 610
374 430
20 29
39 892
238 422
17 7
15 14
58 24
274 6
66 852
187 541
334 433
539 157
535 27
438 377
162 36
684 738
237 27
291 124
15 855
13 289
340 905
842 921
146 1
786 914
88 299
18 87
418 479
40 699
30 152
150 66
174 204
206 189
25 48
494 222
863 792
111 34
931 409
459 276
242 55
286 279
164 228
78 568
326 285
773 331
282 427
490 212
10 19
236 395
538 421
390 762
134 432
136 209
44 46
17 655
36 78
672 371
881 623
380 168
470 90
135 200
66 663
218 197
1 695
759 720
1 268
298 501
935 342
172 153
5 37
639 36
13 6
391 551
49 183
293 209
478 100
512 13
411 174
37 185
42 23
273 677
38 645
73 138
544 227
243 49
622 104
819 217
142 749
489 29
455 555
629 593
408 597
220 514
866 919
247 689
201 143
295 888
9 94
310 710
763 263
582 17
60 766
234 18
630 167
508 29
651 283
225 308
327 500
380 481
753 280
124 883
46 331
600 455
33 27
173 29
459 562
308 482
620 389
294 11
309 140
279 236
167 406
851 308
25 24
212 412
838 749
164 62
330 372
345 591
290 330
474 580
238 410
106 148
188 113
820 192
259 575
722 804
367 326
362 103
61 313
353 121
702 308
180 493
320 246
6 443
501 625
510 306
13 114
41 166
439 721
386 109
399 831
907 288
138 160
127 179
947 235
761 695
208 136
344 567
233 191
889 873
175 92
391 138
537 669
205 150
884 655
708 168
278 239
305 509
6 329
676 42
442 529
792 512
578 94
714 920
716 692
123 841
915 390
396 864
880 329
590 59
411 521
453 411
897 269
157 862
50 408
278 385
421 350
105 125
61 348
688 54
535 602
525 289
876 946
93 177
446 615
750 784
474 485
53 17
839 715
674 496
874 730
740 152
559 584
464 157
492 462
404 231
594 895
727 930
167 101
401 547
236 185
808 63
64 232
132 15
558 416
171 284
120 340
82 134
896 755
358 21
76 5
100 542
403 201
317 390
912 440
190 248
4 3
638 513
28 153
99 104
165 161
195 565
67 85
793 27
174 399
323 43
172 312
334 423
5 1
908 206
138 507
777 612
827 668
856 766
285 23
401 125
702 867
877 418
381 240
613 367
89 131
55 7
187 162
939 804
809 123
47 69
550 92
44 27
722 514
295 141
54 795
452 269
505 228
119 751
202 374
358 948
89 47
25 107
938 333
237 664
721 879
34 4
714 807
217 15
341 618
887 904
534 167
152 171
10 488
169 87
167 225
156 41
81 193
694 814
195 193
140 60
815 431
65 101
147 181
810 487
723 133
673 591
19 280
44 72
201 273
428 788
758 401
119 11
174 152
105 365
125 316
520 392
125 754
504 634
87 314
211 364
836 303
38 10
748 544
387 167
262 192
23 6
457 553
26 143
757 691
566 380
167 468
466 846
340 376
647 105
11 6
601 478
89 537
26 837
288 822
58 91
522 660
734 409
545 217
107 927
427 546
257 5
6 302
724 334
229 428
455 308
221 581
668 463
465 801
89 626
468 472
